КОД ТН ВЭД ТС
Наименование, типы, марки, модели однородной продукции, составные изделия или комплекса
 торговой марки Valeo
437213
 437215
 437216
 437218
 437220
 437221
 437222
 437223
 437224
 437225
 437226
 437227
 437306
 437307
 437309
 437310
 437311
 437312
 437313
 437315
 437316
 437317
 437318
 437320
 437321
 437322
 437323
 437326
 437328
 437329
 437331
 437333
 437334
 437335
 437336
 437337
 437338
 437339
 437340
 437341
 437342
 437343
 437344
 437345
 437346
 437347
 437348
 437349
 437350
 437351
 437352
 437353
 437354
 437355
 437356
 437357
 437358
 437359
 437360
 437361
 437362
 437363
 437364
 437365
 437366
 437367
 437368
 437369
 437370
 437372
 437373
 437374
 437375
 437376
 437377
 437378
 437379
 437380
 437382
 437383
 437384
 437385
 437386
 437387
 437388
 437389
 437390
 437391
 437392
 437393
 437394
 437395
 437396
 437397
 437398
 437399
 437400
 437401
 437402
 437403
 437404
 437405
 437406
 437407
 437408
 437409
 437410
 437411
 437412
 437414
 437415
 437416
 437417
 437418
 437419
 437420
 437421
 437422
 437423
 437424
 437425
 437426
 437427
 437428
 437429
 437430
 437431
 437432
 437433
 437434
 437435
 437436
 437437
 437439
 437440
 437441
 437442
 437443
 437444
 437445
 437446
 437447
 437448
 437450
 437451
 437452
 437453
 437454
 437455
 437456
 437457
 437458
 437459
 437460
 437461
 437462
 437463
 437464
 437465
 437466
 437468
 437469
 437470
 437471
 437472
 437473
 437474
 437475
 437476
 437478
 437481
 437482
 437483
 437484
 437485
 437486
 437487
 437488
 437489
 437490
 437491
 437492
 437493
 437494
 437496
 437497
 437498
 437499
 437500
 437501
 437502
 437503
 437504
 437507
 437509
 437510
 437511
 437513
 437514
 437515
 437516
 437517
 437518
 437519
 437520
 437521
 437522
 437523
 437524
 437525
 437526
 437527
 437528
 437529
 437530
 437531
 437532
 437533
 437534
 437535
 437537
 437538
 437539
 437540
 437541
 437542
 437543
 437544
 437545
 437546
 437547
 437548
 437550
 437551
 437552
 437553
 437554
 437555
 437556
 437557
 437558
 437559
 437560
 437562
 437563
 437564
 437565
 437567
 437570
 437572
 437575
 437576
 437577
 437579
 437583
 437584
 437585
 437587
 437588
 437589
 437593
 437595
 437597
 437602
 437604
 437605
 437606
 437607
 437610
 437611
 437613
 437614
 437615
 437616
 437617
 437618
 437619
 437620
 437621
 437623
 437625
 437628
 437629
 437630
 437631
 437634
 437635
 437636
 437638
 437640
 437641
 437642
 437643
 437644
 437647
 437649
 437650
 437652
 437653
 437656
 437659
 437661
 437662
 437663
 437668
 437669
 437670
 437672
 437673
 437675
 437682
 437683
 437686
 437688
 437689
 437690
 437695
 437696
 437702
 437705
 437708
 437711
 437720
 437721
 437723
 437735
 437737
 437740
 437742
 437748
 437749
 437754
 437756
 437763
 437766
 437771
 437788
 437790
 437791
 437792
 437801
 437812
 437825
 437862
 437869
 437876
 439000
 439001
 439002
 439003
 439005
 439006
 439007
 439012
 439015
 439016
 439021
 439023
 439024
 439030
 439035
 439036
 439038
 439039
 439053
 439054
 439056
 439061
 439062
 439067
 439068
 439069
Обозначение документации, в соответствии с которой выпускается продукция
